X	X	X	X	X	X	X	X	X	X
X	0	0	0	0	0	0	0	0	0
X	0	0	0	0	0	0	0	0	0
0	X	0	0	0	0	0	0	0	0
0	0	0	0	0	0	0	0	0	0
0	0	0	0	0	0	0	0	0	0
0	0	0	0	0	0	0	0	0	0
0	0	0	0	0	0	0	0	0	0
0	0	0	0	0	0	0	0	0	0
0	0	0	0	0	0	0	0	0	0
0	0	0	0	0	0	0	0	0	0
0	0	0	0	0	0	0	0	0	0
0	0	0	0	0	0	0	0	0	0
0	0	0	0	0	0	0	0	0	0
0	0	0	0	0	0	0	0	0	0
0	0	0	0	0	0	0	0	0	0
0	0	0	0	0	0	0	0	0	0
0	0	0	0	0	0	0	0	0	0
0	0	0	0	0	0	0	0	1	0
X	0	0	3	3	3	4	3	3	3
1	0	0	3	3	3	4	3	3	3
1	0	0	3	3	3	4	3	3	3
1	0	0	3	3	3	4	3	3	3
1	1	1	1	1	1	4	1	1	4
1	1	1	1	4	4	3	4	4	4
1	1	1	1	4	4	3	4	4	4
1	1	1	1	4	4	3	4	4	4
1	1	1	1	4	4	3	4	4	4
4	4	4	4	4	4	0	0	0	0
4	4	4	4	4	4	0	0	0	0
4	4	4	4	4	4	0	0	0	0
4	4	4	4	4	4	0	0	0	0
4	4	4	4	4	4	0	0	0	0
4	4	4	4	4	4	0	0	0	0
4	4	4	4	4	4	0	0	0	0
1	4	1	4	3	4	4	4	4	1
1	4	1	4	3	4	4	4	4	1
1	4	1	4	3	4	4	4	4	1
4	4	4	4	1	0	4	4	0	4
0	4	4	4	4	4	1	4	4	3
0	4	4	4	4	4	1	4	4	3
4	4	4	1	4	1	0	4	4	4
4	4	4	1	4	1	0	4	4	4
4	4	4	4	3	3	4	4	0	4
X	X	X	3	4	1	4	4	4	4
X	X	X	4	1	4	4	4	4	1
3	4	4	4	4	4	1	4	4	3
4	1	4	3	4	1	4	4	4	4
4	1	4	3	4	1	4	4	4	4
4	1	4	3	4	1	4	4	4	4
4	4	4	1	1	4	4	4	4	1
4	4	4	3	4	1	4	4	3	4
4	4	4	4	1	1	1	4	4	4
4	X	4	4	4	4	4	3	0	4
X	4	4	4	4	4	4	3	3	4
4	X	4	3	4	1	4	4	4	4
4	X	4	3	4	1	4	4	4	4
4	X	4	4	3	3	4	4	4	4
1	4	4	4	4	4	0	4	4	4
1	4	4	4	4	4	0	4	4	4
1	4	4	4	4	4	0	4	4	4
1	4	4	4	4	4	0	4	4	4
1	4	4	4	4	4	0	4	4	4
1	4	4	4	4	4	0	4	4	4
1	4	4	4	4	4	0	4	4	4
1	4	4	4	4	4	0	4	4	4
4	4	4	3	4	0	4	4	4	4
4	4	4	4	4	4	4	0	1	4
4	4	4	4	4	4	4	0	1	4
4	4	4	4	4	4	4	0	1	4
4	4	4	4	4	4	4	0	1	4
4	4	4	4	4	4	4	0	1	4
4	4	4	4	4	4	4	0	1	4
4	4	4	4	4	4	4	0	1	4
1	4	4	4	4	4	4	4	1	4
4	3	1	4	4	4	4	4	4	4
4	4	1	4	4	4	4	4	1	4
4	4	4	3	4	1	4	4	4	4
4	4	4	3	4	1	4	4	4	4
4	4	4	3	4	1	4	4	4	4
4	4	4	3	4	1	4	4	4	4
4	4	4	3	4	1	4	4	4	4
4	4	4	3	4	1	4	4	4	4
4	4	4	3	4	1	4	4	4	4
4	4	4	3	4	1	4	4	4	4
4	4	4	3	4	1	4	4	4	4
4	4	4	3	4	1	4	4	4	4
4	4	4	3	4	1	4	4	4	4
4	4	4	3	4	1	4	4	4	4
4	4	4	3	4	1	4	4	4	4
4	4	4	3	4	1	4	4	4	4
4	4	4	3	4	1	4	4	4	4
4	4	4	3	4	1	4	4	4	4
4	4	4	3	4	1	4	4	4	4
4	4	4	3	4	1	4	4	4	4
4	4	4	3	4	1	4	4	4	4
4	4	4	3	4	1	4	4	4	4
4	4	4	3	4	1	4	4	4	4
4	4	4	3	4	1	4	4	4	4
4	4	4	3	4	1	4	4	4	4
4	4	4	3	4	1	4	4	4	4
4	4	4	3	4	1	4	4	4	4
4	4	4	3	4	1	4	4	4	4
4	4	4	3	4	1	4	4	4	4
4	4	4	3	4	1	4	4	4	4
4	4	4	4	1	4	4	4	4	1
4	4	4	4	1	4	4	4	4	1
4	4	4	4	1	4	4	4	4	1
4	4	4	4	1	4	4	4	4	1
4	4	4	4	1	4	4	4	4	1
4	4	4	4	1	4	4	4	4	1
4	4	4	4	1	4	4	4	4	1
4	4	4	4	1	4	4	4	4	1
4	4	4	4	1	4	4	4	4	1
4	4	4	4	1	4	4	4	4	1
4	4	4	4	1	4	4	4	4	1
4	4	4	4	1	4	4	4	4	1
4	4	4	4	1	4	4	4	4	1
4	4	4	4	3	3	4	4	4	4
4	4	4	4	4	1	1	4	4	4
4	4	4	4	4	1	1	4	4	4
4	4	4	4	4	1	1	4	4	4
4	4	4	4	4	1	1	4	4	4
4	4	4	4	4	1	1	4	4	4
4	4	4	4	4	1	1	4	4	4
4	4	4	4	4	1	1	4	4	4
4	4	4	4	4	1	1	4	4	4
4	4	4	4	4	1	1	4	4	4
4	4	4	4	4	1	1	4	4	4
4	4	4	4	4	1	1	4	4	4
4	4	4	4	4	1	1	4	4	4
4	4	4	4	4	3	4	4	4	3
4	4	4	4	4	4	4	3	1	4
4	4	4	4	4	4	4	3	3	4
4	4	4	4	4	4	4	3	3	4
4	4	4	4	4	4	4	3	3	4
4	4	4	4	4	4	4	3	3	4
4	4	4	4	4	4	4	3	3	4
4	4	4	4	4	4	4	3	3	4
4	4	4	4	4	4	4	3	3	4
4	4	4	4	4	4	4	3	3	4
4	4	4	4	4	4	4	3	3	4
4	4	4	4	4	4	4	3	3	4
4	4	4	4	4	4	4	3	3	4
4	4	4	4	4	4	4	3	3	4
4	4	4	4	4	4	4	3	3	4
4	4	4	4	4	4	4	3	3	4
4	4	4	4	4	4	4	3	3	4
4	4	4	4	4	4	4	3	3	4
4	4	4	4	4	4	4	3	3	4
4	4	4	4	4	4	4	3	3	4
X	X	X	4	4	4	0	4	4	4
X	X	X	4	4	4	0	4	4	4
X	X	X	3	4	4	4	4	4	4
X	X	X	4	4	4	4	4	4	3
X	X	X	4	4	4	4	4	4	3
X	X	4	4	4	4	4	4	0	4
X	X	4	3	4	4	4	4	4	4
X	X	4	4	4	4	4	4	4	3
X	4	4	4	X	4	4	4	4	1
X	4	4	4	4	4	0	4	4	4
X	4	4	4	4	4	4	4	0	4
4	4	4	4	4	4	4	0	X	4
4	4	0	4	4	4	4	4	4	4
4	4	4	4	4	4	0	4	4	4
4	4	4	4	4	4	0	4	4	4
4	4	4	4	4	4	0	4	4	4
4	4	4	4	4	4	0	4	4	4
4	4	4	4	4	4	0	4	4	4
4	4	4	4	4	4	0	4	4	4
4	4	4	4	4	4	0	4	4	4
4	4	4	4	4	4	0	4	4	4
4	4	4	4	4	4	0	4	4	4
4	4	4	4	4	4	4	0	4	4
4	4	4	4	4	4	4	0	4	4
4	4	4	4	4	4	4	0	4	4
4	4	4	4	4	4	4	0	4	4
4	4	4	4	4	4	4	4	0	4
4	4	4	4	4	4	4	4	0	4
4	4	4	4	4	4	4	4	0	4
4	4	4	4	4	4	4	4	0	4
4	4	4	4	4	4	4	4	0	4
4	4	4	4	4	4	4	4	0	4
4	4	4	4	4	4	4	4	0	4
4	4	4	4	4	4	4	4	0	4
4	4	4	4	4	4	4	4	0	4
4	4	4	4	4	4	4	4	0	4
4	4	4	4	4	4	4	4	0	4
4	4	4	4	4	4	4	4	0	4
4	4	4	4	4	4	4	4	0	4
4	4	4	4	4	4	4	4	0	4
4	4	4	4	4	4	4	4	0	4
4	4	4	4	4	4	4	4	0	4
4	4	4	4	4	4	4	4	0	4
4	4	4	4	4	4	4	4	0	4
4	4	4	4	4	4	4	4	0	4
4	4	4	4	4	4	4	4	0	4
4	4	4	4	4	4	4	4	0	4
4	4	4	4	4	4	4	4	0	4
4	4	4	4	4	4	4	4	0	4
4	4	4	4	4	4	4	4	0	4
4	4	4	4	4	4	4	4	0	4
4	4	4	4	4	4	4	4	0	4
4	4	4	4	4	4	4	4	0	4
X	3	4	4	4	4	4	4	4	4
X	4	4	3	4	4	4	4	4	4
X	4	4	4	4	4	4	3	4	4
X	4	4	4	4	4	4	3	4	4
X	4	4	4	4	4	4	3	4	4
X	4	4	4	4	4	4	3	4	4
X	4	4	4	4	4	4	4	1	4
X	4	4	4	4	4	4	4	1	4
X	4	4	4	4	4	4	4	1	4
X	4	4	4	4	4	4	4	1	4
X	4	4	4	4	4	4	4	4	1
X	4	4	4	4	4	4	4	4	1
X	4	4	4	4	4	4	4	4	3
X	4	4	4	4	4	4	4	4	3
X	4	4	4	4	4	4	4	4	3
X	4	4	4	4	4	4	4	4	3
X	4	4	4	4	4	4	4	4	3
X	4	4	4	4	4	4	4	4	3
3	X	4	4	4	4	4	4	4	4
4	X	3	4	4	4	4	4	4	4
4	X	4	4	4	4	4	3	4	4
4	X	4	4	4	4	4	4	4	1
4	4	3	X	4	4	4	4	4	4
4	4	4	4	4	X	4	4	4	1
4	4	4	4	4	4	X	4	1	4
4	4	4	4	4	4	4	3	4	X
4	4	4	4	4	4	4	3	4	X
1	4	4	4	4	4	4	4	4	4
1	4	4	4	4	4	4	4	4	4
1	4	4	4	4	4	4	4	4	4
1	4	4	4	4	4	4	4	4	4
1	4	4	4	4	4	4	4	4	4
3	4	4	4	4	4	4	4	4	4
3	4	4	4	4	4	4	4	4	4
3	4	4	4	4	4	4	4	4	4
3	4	4	4	4	4	4	4	4	4
3	4	4	4	4	4	4	4	4	4
3	4	4	4	4	4	4	4	4	4
3	4	4	4	4	4	4	4	4	4
3	4	4	4	4	4	4	4	4	4
3	4	4	4	4	4	4	4	4	4
3	4	4	4	4	4	4	4	4	4
3	4	4	4	4	4	4	4	4	4
3	4	4	4	4	4	4	4	4	4
3	4	4	4	4	4	4	4	4	4
3	4	4	4	4	4	4	4	4	4
3	4	4	4	4	4	4	4	4	4
3	4	4	4	4	4	4	4	4	4
3	4	4	4	4	4	4	4	4	4
3	4	4	4	4	4	4	4	4	4
3	4	4	4	4	4	4	4	4	4
3	4	4	4	4	4	4	4	4	4
3	4	4	4	4	4	4	4	4	4
3	4	4	4	4	4	4	4	4	4
3	4	4	4	4	4	4	4	4	4
3	4	4	4	4	4	4	4	4	4
3	4	4	4	4	4	4	4	4	4
3	4	4	4	4	4	4	4	4	4
3	4	4	4	4	4	4	4	4	4
3	4	4	4	4	4	4	4	4	4
3	4	4	4	4	4	4	4	4	4
3	4	4	4	4	4	4	4	4	4
3	4	4	4	4	4	4	4	4	4
3	4	4	4	4	4	4	4	4	4
3	4	4	4	4	4	4	4	4	4
3	4	4	4	4	4	4	4	4	4
3	4	4	4	4	4	4	4	4	4
3	4	4	4	4	4	4	4	4	4
3	4	4	4	4	4	4	4	4	4
3	4	4	4	4	4	4	4	4	4
3	4	4	4	4	4	4	4	4	4
3	4	4	4	4	4	4	4	4	4
3	4	4	4	4	4	4	4	4	4
4	3	4	4	4	4	4	4	4	4
4	4	1	4	4	4	4	4	4	4
4	4	1	4	4	4	4	4	4	4
4	4	1	4	4	4	4	4	4	4
4	4	1	4	4	4	4	4	4	4
4	4	1	4	4	4	4	4	4	4
4	4	1	4	4	4	4	4	4	4
4	4	1	4	4	4	4	4	4	4
4	4	1	4	4	4	4	4	4	4
4	4	1	4	4	4	4	4	4	4
4	4	1	4	4	4	4	4	4	4
4	4	1	4	4	4	4	4	4	4
4	4	1	4	4	4	4	4	4	4
4	4	1	4	4	4	4	4	4	4
4	4	1	4	4	4	4	4	4	4
4	4	1	4	4	4	4	4	4	4
4	4	1	4	4	4	4	4	4	4
4	4	1	4	4	4	4	4	4	4
4	4	1	4	4	4	4	4	4	4
4	4	1	4	4	4	4	4	4	4
4	4	1	4	4	4	4	4	4	4
4	4	1	4	4	4	4	4	4	4
4	4	1	4	4	4	4	4	4	4
4	4	3	4	4	4	4	4	4	4
4	4	3	4	4	4	4	4	4	4
4	4	3	4	4	4	4	4	4	4
4	4	3	4	4	4	4	4	4	4
4	4	3	4	4	4	4	4	4	4
4	4	3	4	4	4	4	4	4	4
4	4	3	4	4	4	4	4	4	4
4	4	3	4	4	4	4	4	4	4
4	4	3	4	4	4	4	4	4	4
4	4	3	4	4	4	4	4	4	4
4	4	3	4	4	4	4	4	4	4
4	4	3	4	4	4	4	4	4	4
4	4	3	4	4	4	4	4	4	4
4	4	3	4	4	4	4	4	4	4
4	4	3	4	4	4	4	4	4	4
4	4	3	4	4	4	4	4	4	4
4	4	3	4	4	4	4	4	4	4
4	4	4	3	4	4	4	4	4	4
4	4	4	3	4	4	4	4	4	4
4	4	4	3	4	4	4	4	4	4
4	4	4	3	4	4	4	4	4	4
4	4	4	3	4	4	4	4	4	4
4	4	4	3	4	4	4	4	4	4
4	4	4	3	4	4	4	4	4	4
4	4	4	3	4	4	4	4	4	4
4	4	4	3	4	4	4	4	4	4
4	4	4	3	4	4	4	4	4	4
4	4	4	4	3	4	4	4	4	4
4	4	4	4	4	3	4	4	4	4
4	4	4	4	4	3	4	4	4	4
4	4	4	4	4	3	4	4	4	4
4	4	4	4	4	3	4	4	4	4
4	4	4	4	4	3	4	4	4	4
4	4	4	4	4	3	4	4	4	4
4	4	4	4	4	3	4	4	4	4
4	4	4	4	4	3	4	4	4	4
4	4	4	4	4	3	4	4	4	4
4	4	4	4	4	3	4	4	4	4
4	4	4	4	4	3	4	4	4	4
4	4	4	4	4	3	4	4	4	4
4	4	4	4	4	3	4	4	4	4
4	4	4	4	4	3	4	4	4	4
4	4	4	4	4	3	4	4	4	4
4	4	4	4	4	3	4	4	4	4
4	4	4	4	4	3	4	4	4	4
4	4	4	4	4	3	4	4	4	4
4	4	4	4	4	3	4	4	4	4
4	4	4	4	4	3	4	4	4	4
4	4	4	4	4	3	4	4	4	4
4	4	4	4	4	3	4	4	4	4
4	4	4	4	4	3	4	4	4	4
4	4	4	4	4	3	4	4	4	4
4	4	4	4	4	3	4	4	4	4
4	4	4	4	4	3	4	4	4	4
4	4	4	4	4	3	4	4	4	4
4	4	4	4	4	3	4	4	4	4
4	4	4	4	4	3	4	4	4	4
4	4	4	4	4	3	4	4	4	4
4	4	4	4	4	3	4	4	4	4
4	4	4	4	4	4	1	4	4	4
4	4	4	4	4	4	4	3	4	4
4	4	4	4	4	4	4	3	4	4
4	4	4	4	4	4	4	3	4	4
4	4	4	4	4	4	4	3	4	4
4	4	4	4	4	4	4	3	4	4
4	4	4	4	4	4	4	3	4	4
4	4	4	4	4	4	4	3	4	4
4	4	4	4	4	4	4	3	4	4
4	4	4	4	4	4	4	3	4	4
4	4	4	4	4	4	4	3	4	4
4	4	4	4	4	4	4	3	4	4
4	4	4	4	4	4	4	3	4	4
4	4	4	4	4	4	4	3	4	4
4	4	4	4	4	4	4	3	4	4
4	4	4	4	4	4	4	3	4	4
4	4	4	4	4	4	4	3	4	4
4	4	4	4	4	4	4	3	4	4
4	4	4	4	4	4	4	3	4	4
4	4	4	4	4	4	4	3	4	4
4	4	4	4	4	4	4	3	4	4
4	4	4	4	4	4	4	3	4	4
4	4	4	4	4	4	4	3	4	4
4	4	4	4	4	4	4	3	4	4
4	4	4	4	4	4	4	4	1	4
4	4	4	4	4	4	4	4	1	4
4	4	4	4	4	4	4	4	1	4
4	4	4	4	4	4	4	4	1	4
4	4	4	4	4	4	4	4	1	4
4	4	4	4	4	4	4	4	1	4
4	4	4	4	4	4	4	4	1	4
4	4	4	4	4	4	4	4	1	4
4	4	4	4	4	4	4	4	1	4
4	4	4	4	4	4	4	4	1	4
4	4	4	4	4	4	4	4	1	4
4	4	4	4	4	4	4	4	1	4
4	4	4	4	4	4	4	4	1	4
4	4	4	4	4	4	4	4	1	4
4	4	4	4	4	4	4	4	1	4
4	4	4	4	4	4	4	4	1	4
4	4	4	4	4	4	4	4	1	4
4	4	4	4	4	4	4	4	1	4
4	4	4	4	4	4	4	4	1	4
4	4	4	4	4	4	4	4	1	4
4	4	4	4	4	4	4	4	1	4
4	4	4	4	4	4	4	4	1	4
4	4	4	4	4	4	4	4	1	4
4	4	4	4	4	4	4	4	1	4
4	4	4	4	4	4	4	4	1	4
4	4	4	4	4	4	4	4	1	4
4	4	4	4	4	4	4	4	1	4
4	4	4	4	4	4	4	4	1	4
4	4	4	4	4	4	4	4	1	4
4	4	4	4	4	4	4	4	1	4
4	4	4	4	4	4	4	4	1	4
4	4	4	4	4	4	4	4	1	4
4	4	4	4	4	4	4	4	1	4
4	4	4	4	4	4	4	4	1	4
4	4	4	4	4	4	4	4	1	4
4	4	4	4	4	4	4	4	1	4
4	4	4	4	4	4	4	4	1	4
4	4	4	4	4	4	4	4	1	4
4	4	4	4	4	4	4	4	1	4
4	4	4	4	4	4	4	4	1	4
4	4	4	4	4	4	4	4	1	4
4	4	4	4	4	4	4	4	1	4
4	4	4	4	4	4	4	4	1	4
4	4	4	4	4	4	4	4	1	4
4	4	4	4	4	4	4	4	1	4
4	4	4	4	4	4	4	4	1	4
4	4	4	4	4	4	4	4	1	4
4	4	4	4	4	4	4	4	1	4
4	4	4	4	4	4	4	4	3	4
4	4	4	4	4	4	4	4	3	4
4	4	4	4	4	4	4	4	4	1
4	4	4	4	4	4	4	4	4	1
4	4	4	4	4	4	4	4	4	1
4	4	4	4	4	4	4	4	4	1
4	4	4	4	4	4	4	4	4	1
4	4	4	4	4	4	4	4	4	1
4	4	4	4	4	4	4	4	4	1
4	4	4	4	4	4	4	4	4	1
4	4	4	4	4	4	4	4	4	1
4	4	4	4	4	4	4	4	4	1
4	4	4	4	4	4	4	4	4	1
4	4	4	4	4	4	4	4	4	1
4	4	4	4	4	4	4	4	4	1
4	4	4	4	4	4	4	4	4	3
4	4	4	4	4	4	4	4	4	3
4	4	4	4	4	4	4	4	4	3
4	4	4	4	4	4	4	4	4	3
4	4	4	4	4	4	4	4	4	3
4	4	4	4	4	4	4	4	4	3
X	X	X	4	4	4	4	4	4	4
X	X	X	4	4	4	4	4	4	4
X	X	X	4	4	4	4	4	4	4
X	X	X	4	4	4	4	4	4	4
X	X	X	4	4	4	4	4	4	4
X	X	X	4	4	4	4	4	4	4
X	X	X	4	4	4	4	4	4	4
X	X	X	4	4	4	4	4	4	4
X	X	X	4	4	4	4	4	4	4
X	X	X	4	4	4	4	4	4	4
X	X	X	4	4	4	4	4	4	4
X	X	X	4	4	4	4	4	4	4
X	X	X	4	4	4	4	4	4	4
X	X	X	4	4	4	4	4	4	4
X	X	X	4	4	4	4	4	4	4
X	X	X	4	4	4	4	4	4	4
X	4	X	4	4	4	X	4	4	4
X	X	4	4	4	4	4	4	4	4
X	X	4	4	4	4	4	4	4	4
X	X	4	4	4	4	4	4	4	4
X	X	4	4	4	4	4	4	4	4
X	X	4	4	4	4	4	4	4	4
X	X	4	4	4	4	4	4	4	4
X	X	4	4	4	4	4	4	4	4
X	X	4	4	4	4	4	4	4	4
X	4	4	4	4	4	4	4	4	4
X	4	4	4	4	4	4	4	4	4
X	4	4	4	4	4	4	4	4	4
X	4	4	4	4	4	4	4	4	4
X	4	4	4	4	4	4	4	4	4
X	4	4	4	4	4	4	4	4	4
X	4	4	4	4	4	4	4	4	4
X	4	4	4	4	4	4	4	4	4
X	4	4	4	4	4	4	4	4	4
X	4	4	4	4	4	4	4	4	4
X	4	4	4	4	4	4	4	4	4
X	4	4	4	4	4	4	4	4	4
X	4	4	4	4	4	4	4	4	4
X	4	4	4	4	4	4	4	4	4
X	4	4	4	4	4	4	4	4	4
X	4	4	4	4	4	4	4	4	4
X	4	4	4	4	4	4	4	4	4
X	4	4	4	4	4	4	4	4	4
X	4	4	4	4	4	4	4	4	4
X	4	4	4	4	4	4	4	4	4
X	4	4	4	4	4	4	4	4	4
X	4	4	4	4	4	4	4	4	4
X	4	4	4	4	4	4	4	4	4
X	4	4	4	4	4	4	4	4	4
X	4	4	4	4	4	4	4	4	4
X	4	4	4	4	4	4	4	4	4
X	4	4	4	4	4	4	4	4	4
X	4	4	4	4	4	4	4	4	4
4	X	4	4	4	4	4	4	4	4
4	X	4	4	4	4	4	4	4	4
4	X	4	4	4	4	4	4	4	4
4	X	4	4	4	4	4	4	4	4
4	X	4	4	4	4	4	4	4	4
4	X	4	4	4	4	4	4	4	4
4	X	4	4	4	4	4	4	4	4
4	X	4	4	4	4	4	4	4	4
4	X	4	4	4	4	4	4	4	4
4	X	4	4	4	4	4	4	4	4
4	X	4	4	4	4	4	4	4	4
4	X	4	4	4	4	4	4	4	4
4	X	4	4	4	4	4	4	4	4
4	X	4	4	4	4	4	4	4	4
4	X	4	4	4	4	4	4	4	4
4	X	4	4	4	4	4	4	4	4
4	X	4	4	4	4	4	4	4	4
4	4	X	4	4	4	4	4	4	4
4	4	X	4	4	4	4	4	4	4
4	4	X	4	4	4	4	4	4	4
4	4	X	4	4	4	4	4	4	4
4	4	X	4	4	4	4	4	4	4
4	4	X	4	4	4	4	4	4	4
4	4	X	4	4	4	4	4	4	4
4	4	4	X	4	4	4	4	4	4
4	4	4	X	4	4	4	4	4	4
4	4	4	X	4	4	4	4	4	4
4	4	4	X	4	4	4	4	4	4
4	4	4	4	X	4	4	4	4	4
4	4	4	4	4	X	4	4	4	4
4	4	4	4	4	X	4	4	4	4
4	4	4	4	4	X	4	4	4	4
4	4	4	4	4	4	X	4	4	4
4	4	4	4	4	4	4	X	4	4
4	4	4	4	4	4	4	X	4	4
4	4	4	4	4	4	4	4	X	4
4	4	4	4	4	4	4	4	X	4
4	4	4	4	4	4	4	4	X	4
4	4	4	4	4	4	4	4	X	4
4	4	4	4	4	4	4	4	X	4
4	4	4	4	4	4	4	4	X	4
4	4	4	4	4	4	4	4	X	4
4	4	4	4	4	4	4	4	X	4
4	4	4	4	4	4	4	4	X	4
4	4	4	4	4	4	4	4	X	4
4	4	4	4	4	4	4	4	X	4
4	4	4	4	4	4	4	4	X	4
4	4	4	4	4	4	4	4	X	4
4	4	4	4	4	4	4	4	X	4
4	4	4	4	4	4	4	4	4	X
4	4	4	4	4	4	4	4	4	X
4	4	4	4	4	4	4	4	4	X
4	4	4	4	4	4	4	4	4	4
4	4	4	4	4	4	4	4	4	4
4	4	4	4	4	4	4	4	4	4
4	4	4	4	4	4	4	4	4	4
4	4	4	4	4	4	4	4	4	4
4	4	4	4	4	4	4	4	4	4
4	4	4	4	4	4	4	4	4	4
4	4	4	4	4	4	4	4	4	4
4	4	4	4	4	4	4	4	4	4
4	4	4	4	4	4	4	4	4	4
4	4	4	4	4	4	4	4	4	4
4	4	4	4	4	4	4	4	4	4
4	4	4	4	4	4	4	4	4	4
4	4	4	4	4	4	4	4	4	4
4	4	4	4	4	4	4	4	4	4
4	4	4	4	4	4	4	4	4	4
4	4	4	4	4	4	4	4	4	4
4	4	4	4	4	4	4	4	4	4
4	4	4	4	4	4	4	4	4	4
4	4	4	4	4	4	4	4	4	4
4	4	4	4	4	4	4	4	4	4
4	4	4	4	4	4	4	4	4	4
4	4	4	4	4	4	4	4	4	4
4	4	4	4	4	4	4	4	4	4
4	4	4	4	4	4	4	4	4	4
4	4	4	4	4	4	4	4	4	4
4	4	4	4	4	4	4	4	4	4
4	4	4	4	4	4	4	4	4	4
4	4	4	4	4	4	4	4	4	4
4	4	4	4	4	4	4	4	4	4
4	4	4	4	4	4	4	4	4	4
4	4	4	4	4	4	4	4	4	4
4	4	4	4	4	4	4	4	4	4
4	4	4	4	4	4	4	4	4	4
4	4	4	4	4	4	4	4	4	4
4	4	4	4	4	4	4	4	4	4
4	4	4	4	4	4	4	4	4	4
4	4	4	4	4	4	4	4	4	4
4	4	4	4	4	4	4	4	4	4
4	4	4	4	4	4	4	4	4	4
4	4	4	4	4	4	4	4	4	4
4	4	4	4	4	4	4	4	4	4
4	4	4	4	4	4	4	4	4	4
4	4	4	4	4	4	4	4	4	4
4	4	4	4	4	4	4	4	4	4
4	4	4	4	4	4	4	4	4	4
4	4	4	4	4	4	4	4	4	4
4	4	4	4	4	4	4	4	4	4
4	4	4	4	4	4	4	4	4	4
4	4	4	4	4	4	4	4	4	4
4	4	4	4	4	4	4	4	4	4
4	4	4	4	4	4	4	4	4	4
4	4	4	4	4	4	4	4	4	4
4	4	4	4	4	4	4	4	4	4
4	4	4	4	4	4	4	4	4	4
4	4	4	4	4	4	4	4	4	4
4	4	4	4	4	4	4	4	4	4
4	4	4	4	4	4	4	4	4	4
4	4	4	4	4	4	4	4	4	4
4	4	4	4	4	4	4	4	4	4
4	4	4	4	4	4	4	4	4	4
4	4	4	4	4	4	4	4	4	4
4	4	4	4	4	4	4	4	4	4
4	4	4	4	4	4	4	4	4	4
4	4	4	4	4	4	4	4	4	4
4	4	4	4	4	4	4	4	4	4
4	4	4	4	4	4	4	4	4	4
4	4	4	4	4	4	4	4	4	4
4	4	4	4	4	4	4	4	4	4
4	4	4	4	4	4	4	4	4	4
4	4	4	4	4	4	4	4	4	4
4	4	4	4	4	4	4	4	4	4
4	4	4	4	4	4	4	4	4	4
4	4	4	4	4	4	4	4	4	4
4	4	4	4	4	4	4	4	4	4
4	4	4	4	4	4	4	4	4	4
4	4	4	4	4	4	4	4	4	4
4	4	4	4	4	4	4	4	4	4
4	4	4	4	4	4	4	4	4	4
4	4	4	4	4	4	4	4	4	4
4	4	4	4	4	4	4	4	4	4
4	4	4	4	4	4	4	4	4	4
4	4	4	4	4	4	4	4	4	4
4	4	4	4	4	4	4	4	4	4
4	4	4	4	4	4	4	4	4	4
4	4	4	4	4	4	4	4	4	4
4	4	4	4	4	4	4	4	4	4
4	4	4	4	4	4	4	4	4	4
4	4	4	4	4	4	4	4	4	4
4	4	4	4	4	4	4	4	4	4
4	4	4	4	4	4	4	4	4	4
4	4	4	4	4	4	4	4	4	4
4	4	4	4	4	4	4	4	4	4
4	4	4	4	4	4	4	4	4	4
4	4	4	4	4	4	4	4	4	4
4	4	4	4	4	4	4	4	4	4
4	4	4	4	4	4	4	4	4	4
4	4	4	4	4	4	4	4	4	4
4	4	4	4	4	4	4	4	4	4
4	4	4	4	4	4	4	4	4	4
4	4	4	4	4	4	4	4	4	4
4	4	4	4	4	4	4	4	4	4
4	4	4	4	4	4	4	4	4	4
4	4	4	4	4	4	4	4	4	4
4	4	4	4	4	4	4	4	4	4
4	4	4	4	4	4	4	4	4	4
4	4	4	4	4	4	4	4	4	4
4	4	4	4	4	4	4	4	4	4
4	4	4	4	4	4	4	4	4	4
4	4	4	4	4	4	4	4	4	4
4	4	4	4	4	4	4	4	4	4
4	4	4	4	4	4	4	4	4	4
4	4	4	4	4	4	4	4	4	4
4	4	4	4	4	4	4	4	4	4
4	4	4	4	4	4	4	4	4	4
4	4	4	4	4	4	4	4	4	4
4	4	4	4	4	4	4	4	4	4
4	4	4	4	4	4	4	4	4	4
4	4	4	4	4	4	4	4	4	4
4	4	4	4	4	4	4	4	4	4
4	4	4	4	4	4	4	4	4	4
4	4	4	4	4	4	4	4	4	4
4	4	4	4	4	4	4	4	4	4
4	4	4	4	4	4	4	4	4	4
4	4	4	4	4	4	4	4	4	4
4	4	4	4	4	4	4	4	4	4
4	4	4	4	4	4	4	4	4	4
4	4	4	4	4	4	4	4	4	4
4	4	4	4	4	4	4	4	4	4
4	4	4	4	4	4	4	4	4	4
4	4	4	4	4	4	4	4	4	4
4	4	4	4	4	4	4	4	4	4
4	4	4	4	4	4	4	4	4	4
4	4	4	4	4	4	4	4	4	4
4	4	4	4	4	4	4	4	4	4
4	4	4	4	4	4	4	4	4	4
4	4	4	4	4	4	4	4	4	4
4	4	4	4	4	4	4	4	4	4
4	4	4	4	4	4	4	4	4	4
4	4	4	4	4	4	4	4	4	4
4	4	4	4	4	4	4	4	4	4
4	4	4	4	4	4	4	4	4	4
4	4	4	4	4	4	4	4	4	4
4	4	4	4	4	4	4	4	4	4
4	4	4	4	4	4	4	4	4	4
4	4	4	4	4	4	4	4	4	4
4	4	4	4	4	4	4	4	4	4
4	4	4	4	4	4	4	4	4	4
4	4	4	4	4	4	4	4	4	4
4	4	4	4	4	4	4	4	4	4
4	4	4	4	4	4	4	4	4	4
4	4	4	4	4	4	4	4	4	4
4	4	4	4	4	4	4	4	4	4
4	4	4	4	4	4	4	4	4	4
4	4	4	4	4	4	4	4	4	4
4	4	4	4	4	4	4	4	4	4
4	4	4	4	4	4	4	4	4	4
4	4	4	4	4	4	4	4	4	4
4	4	4	4	4	4	4	4	4	4
4	4	4	4	4	4	4	4	4	4
4	4	4	4	4	4	4	4	4	4
4	4	4	4	4	4	4	4	4	4
4	4	4	4	4	4	4	4	4	4
4	4	4	4	4	4	4	4	4	4
4	4	4	4	4	4	4	4	4	4
4	4	4	4	4	4	4	4	4	4
4	4	4	4	4	4	4	4	4	4
4	4	4	4	4	4	4	4	4	4
4	4	4	4	4	4	4	4	4	4
4	4	4	4	4	4	4	4	4	4
4	4	4	4	4	4	4	4	4	4
4	4	4	4	4	4	4	4	4	4
4	4	4	4	4	4	4	4	4	4
4	4	4	4	4	4	4	4	4	4
4	4	4	4	4	4	4	4	4	4
4	4	4	4	4	4	4	4	4	4
4	4	4	4	4	4	4	4	4	4
4	4	4	4	4	4	4	4	4	4
4	4	4	4	4	4	4	4	4	4
4	4	4	4	4	4	4	4	4	4
4	4	4	4	4	4	4	4	4	4
4	4	4	4	4	4	4	4	4	4
4	4	4	4	4	4	4	4	4	4
4	4	4	4	4	4	4	4	4	4
4	4	4	4	4	4	4	4	4	4
4	4	4	4	4	4	4	4	4	4
4	4	4	4	4	4	4	4	4	4
4	4	4	4	4	4	4	4	4	4
4	4	4	4	4	4	4	4	4	4
4	4	4	4	4	4	4	4	4	4
4	4	4	4	4	4	4	4	4	4
4	4	4	4	4	4	4	4	4	4
4	4	4	4	4	4	4	4	4	4
4	4	4	4	4	4	4	4	4	4
4	4	4	4	4	4	4	4	4	4
4	4	4	4	4	4	4	4	4	4
4	4	4	4	4	4	4	4	4	4
4	4	4	4	4	4	4	4	4	4
4	4	4	4	4	4	4	4	4	4
4	4	4	4	4	4	4	4	4	4
4	4	4	4	4	4	4	4	4	4
4	4	4	4	4	4	4	4	4	4
4	4	4	4	4	4	4	4	4	4
4	4	4	4	4	4	4	4	4	4
4	4	4	4	4	4	4	4	4	4
4	4	4	4	4	4	4	4	4	4
4	4	4	4	4	4	4	4	4	4
4	4	4	4	4	4	4	4	4	4
4	4	4	4	4	4	4	4	4	4
4	4	4	4	4	4	4	4	4	4
4	4	4	4	4	4	4	4	4	4
4	4	4	4	4	4	4	4	4	4
4	4	4	4	4	4	4	4	4	4
4	4	4	4	4	4	4	4	4	4
4	4	4	4	4	4	4	4	4	4
4	4	4	4	4	4	4	4	4	4
4	4	4	4	4	4	4	4	4	4
4	4	4	4	4	4	4	4	4	4
4	4	4	4	4	4	4	4	4	4
4	4	4	4	4	4	4	4	4	4
4	4	4	4	4	4	4	4	4	4
4	4	4	4	4	4	4	4	4	4
4	4	4	4	4	4	4	4	4	4
4	4	4	4	4	4	4	4	4	4
4	4	4	4	4	4	4	4	4	4
4	4	4	4	4	4	4	4	4	4
4	4	4	4	4	4	4	4	4	4
4	4	4	4	4	4	4	4	4	4
4	4	4	4	4	4	4	4	4	4
4	4	4	4	4	4	4	4	4	4
4	4	4	4	4	4	4	4	4	4
4	4	4	4	4	4	4	4	4	4
4	4	4	4	4	4	4	4	4	4
4	4	4	4	4	4	4	4	4	4
4	4	4	4	4	4	4	4	4	4
4	4	4	4	4	4	4	4	4	4
4	4	4	4	4	4	4	4	4	4
4	4	4	4	4	4	4	4	4	4
4	4	4	4	4	4	4	4	4	4
4	4	4	4	4	4	4	4	4	4
4	4	4	4	4	4	4	4	4	4
4	4	4	4	4	4	4	4	4	4
4	4	4	4	4	4	4	4	4	4
4	4	4	4	4	4	4	4	4	4
4	4	4	4	4	4	4	4	4	4
4	4	4	4	4	4	4	4	4	4
4	4	4	4	4	4	4	4	4	4
4	4	4	4	4	4	4	4	4	4
4	4	4	4	4	4	4	4	4	4
4	4	4	4	4	4	4	4	4	4
4	4	4	4	4	4	4	4	4	4
4	4	4	4	4	4	4	4	4	4
4	4	4	4	4	4	4	4	4	4
4	4	4	4	4	4	4	4	4	4
4	4	4	4	4	4	4	4	4	4
4	4	4	4	4	4	4	4	4	4
4	4	4	4	4	4	4	4	4	4
4	4	4	4	4	4	4	4	4	4
4	4	4	4	4	4	4	4	4	4
4	4	4	4	4	4	4	4	4	4
4	4	4	4	4	4	4	4	4	4
4	4	4	4	4	4	4	4	4	4
4	4	4	4	4	4	4	4	4	4
4	4	4	4	4	4	4	4	4	4
4	4	4	4	4	4	4	4	4	4
4	4	4	4	4	4	4	4	4	4
4	4	4	4	4	4	4	4	4	4
4	4	4	4	4	4	4	4	4	4
4	4	4	4	4	4	4	4	4	4
4	4	4	4	4	4	4	4	4	4
4	4	4	4	4	4	4	4	4	4
4	4	4	4	4	4	4	4	4	4
4	4	4	4	4	4	4	4	4	4
4	4	4	4	4	4	4	4	4	4
4	4	4	4	4	4	4	4	4	4
4	4	4	4	4	4	4	4	4	4
4	4	4	4	4	4	4	4	4	4
4	4	4	4	4	4	4	4	4	4
4	4	4	4	4	4	4	4	4	4
4	4	4	4	4	4	4	4	4	4
4	4	4	4	4	4	4	4	4	4
4	4	4	4	4	4	4	4	4	4
4	4	4	4	4	4	4	4	4	4
4	4	4	4	4	4	4	4	4	4
4	4	4	4	4	4	4	4	4	4
4	4	4	4	4	4	4	4	4	4
4	4	4	4	4	4	4	4	4	4
4	4	4	4	4	4	4	4	4	4
4	4	4	4	4	4	4	4	4	4
4	4	4	4	4	4	4	4	4	4
4	4	4	4	4	4	4	4	4	4
4	4	4	4	4	4	4	4	4	4
4	4	4	4	4	4	4	4	4	4
4	4	4	4	4	4	4	4	4	4
4	4	4	4	4	4	4	4	4	4
4	4	4	4	4	4	4	4	4	4
4	4	4	4	4	4	4	4	4	4
4	4	4	4	4	4	4	4	4	4
4	4	4	4	4	4	4	4	4	4
4	4	4	4	4	4	4	4	4	4
4	4	4	4	4	4	4	4	4	4
4	4	4	4	4	4	4	4	4	4
4	4	4	4	4	4	4	4	4	4
4	4	4	4	4	4	4	4	4	4
4	4	4	4	4	4	4	4	4	4
4	4	4	4	4	4	4	4	4	4
4	4	4	4	4	4	4	4	4	4
4	4	4	4	4	4	4	4	4	4
4	4	4	4	4	4	4	4	4	4
4	4	4	4	4	4	4	4	4	4
4	4	4	4	4	4	4	4	4	4
4	4	4	4	4	4	4	4	4	4
4	4	4	4	4	4	4	4	4	4
4	4	4	4	4	4	4	4	4	4
4	4	4	4	4	4	4	4	4	4
4	4	4	4	4	4	4	4	4	4
4	4	4	4	4	4	4	4	4	4
4	4	4	4	4	4	4	4	4	4
4	4	4	4	4	4	4	4	4	4
4	4	4	4	4	4	4	4	4	4
4	4	4	4	4	4	4	4	4	4
4	4	4	4	4	4	4	4	4	4
4	4	4	4	4	4	4	4	4	4
4	4	4	4	4	4	4	4	4	4
4	4	4	4	4	4	4	4	4	4
4	4	4	4	4	4	4	4	4	4
4	4	4	4	4	4	4	4	4	4
4	4	4	4	4	4	4	4	4	4
4	4	4	4	4	4	4	4	4	4
4	4	4	4	4	4	4	4	4	4
4	4	4	4	4	4	4	4	4	4
4	4	4	4	4	4	4	4	4	4
4	4	4	4	4	4	4	4	4	4
4	4	4	4	4	4	4	4	4	4
4	4	4	4	4	4	4	4	4	4
4	4	4	4	4	4	4	4	4	4
4	4	4	4	4	4	4	4	4	4
4	4	4	4	4	4	4	4	4	4
4	4	4	4	4	4	4	4	4	4
4	4	4	4	4	4	4	4	4	4
4	4	4	4	4	4	4	4	4	4
4	4	4	4	4	4	4	4	4	4
4	4	4	4	4	4	4	4	4	4
4	4	4	4	4	4	4	4	4	4
4	4	4	4	4	4	4	4	4	4
4	4	4	4	4	4	4	4	4	4
4	4	4	4	4	4	4	4	4	4
4	4	4	4	4	4	4	4	4	4
4	4	4	4	4	4	4	4	4	4
4	4	4	4	4	4	4	4	4	4
4	4	4	4	4	4	4	4	4	4
4	4	4	4	4	4	4	4	4	4
4	4	4	4	4	4	4	4	4	4
4	4	4	4	4	4	4	4	4	4
4	4	4	4	4	4	4	4	4	4
4	4	4	4	4	4	4	4	4	4
4	4	4	4	4	4	4	4	4	4
4	4	4	4	4	4	4	4	4	4
4	4	4	4	4	4	4	4	4	4
4	4	4	4	4	4	4	4	4	4
4	4	4	4	4	4	4	4	4	4
4	4	4	4	4	4	4	4	4	4
4	4	4	4	4	4	4	4	4	4
4	4	4	4	4	4	4	4	4	4
4	4	4	4	4	4	4	4	4	4
4	4	4	4	4	4	4	4	4	4
4	4	4	4	4	4	4	4	4	4
4	4	4	4	4	4	4	4	4	4
4	4	4	4	4	4	4	4	4	4
4	4	4	4	4	4	4	4	4	4
4	4	4	4	4	4	4	4	4	4
4	4	4	4	4	4	4	4	4	4
4	4	4	4	4	4	4	4	4	4
4	4	4	4	4	4	4	4	4	4
4	4	4	4	4	4	4	4	4	4
4	4	4	4	4	4	4	4	4	4
4	4	4	4	4	4	4	4	4	4
4	4	4	4	4	4	4	4	4	4
4	4	4	4	4	4	4	4	4	4
4	4	4	4	4	4	4	4	4	4
4	4	4	4	4	4	4	4	4	4
4	4	4	4	4	4	4	4	4	4
4	4	4	4	4	4	4	4	4	4
4	4	4	4	4	4	4	4	4	4
4	4	4	4	4	4	4	4	4	4
4	4	4	4	4	4	4	4	4	4
4	4	4	4	4	4	4	4	4	4
4	4	4	4	4	4	4	4	4	4
4	4	4	4	4	4	4	4	4	4
4	4	4	4	4	4	4	4	4	4
4	4	4	4	4	4	4	4	4	4
4	4	4	4	4	4	4	4	4	4
4	4	4	4	4	4	4	4	4	4
4	4	4	4	4	4	4	4	4	4
4	4	4	4	4	4	4	4	4	4
4	4	4	4	4	4	4	4	4	4
4	4	4	4	4	4	4	4	4	4
4	4	4	4	4	4	4	4	4	4
4	4	4	4	4	4	4	4	4	4
4	4	4	4	4	4	4	4	4	4
4	4	4	4	4	4	4	4	4	4
4	4	4	4	4	4	4	4	4	4
4	4	4	4	4	4	4	4	4	4
4	4	4	4	4	4	4	4	4	4
4	4	4	4	4	4	4	4	4	4
4	4	4	4	4	4	4	4	4	4
4	4	4	4	4	4	4	4	4	4
4	4	4	4	4	4	4	4	4	4
4	4	4	4	4	4	4	4	4	4
4	4	4	4	4	4	4	4	4	4
4	4	4	4	4	4	4	4	4	4
4	4	4	4	4	4	4	4	4	4
4	4	4	4	4	4	4	4	4	4
4	4	4	4	4	4	4	4	4	4
4	4	4	4	4	4	4	4	4	4
4	4	4	4	4	4	4	4	4	4
4	4	4	4	4	4	4	4	4	4
4	4	4	4	4	4	4	4	4	4
4	4	4	4	4	4	4	4	4	4
4	4	4	4	4	4	4	4	4	4
4	4	4	4	4	4	4	4	4	4
4	4	4	4	4	4	4	4	4	4
4	4	4	4	4	4	4	4	4	4
4	4	4	4	4	4	4	4	4	4
4	4	4	4	4	4	4	4	4	4
4	4	4	4	4	4	4	4	4	4
4	4	4	4	4	4	4	4	4	4
4	4	4	4	4	4	4	4	4	4
4	4	4	4	4	4	4	4	4	4
4	4	4	4	4	4	4	4	4	4
4	4	4	4	4	4	4	4	4	4
4	4	4	4	4	4	4	4	4	4
4	4	4	4	4	4	4	4	4	4
4	4	4	4	4	4	4	4	4	4
4	4	4	4	4	4	4	4	4	4
4	4	4	4	4	4	4	4	4	4
4	4	4	4	4	4	4	4	4	4
4	4	4	4	4	4	4	4	4	4
4	4	4	4	4	4	4	4	4	4
4	4	4	4	4	4	4	4	4	4
4	4	4	4	4	4	4	4	4	4
4	4	4	4	4	4	4	4	4	4
4	4	4	4	4	4	4	4	4	4
4	4	4	4	4	4	4	4	4	4
4	4	4	4	4	4	4	4	4	4
4	4	4	4	4	4	4	4	4	4
4	4	4	4	4	4	4	4	4	4
4	4	4	4	4	4	4	4	4	4
4	4	4	4	4	4	4	4	4	4
4	4	4	4	4	4	4	4	4	4
4	4	4	4	4	4	4	4	4	4
4	4	4	4	4	4	4	4	4	4
4	4	4	4	4	4	4	4	4	4
4	4	4	4	4	4	4	4	4	4
4	4	4	4	4	4	4	4	4	4
4	4	4	4	4	4	4	4	4	4
4	4	4	4	4	4	4	4	4	4
4	4	4	4	4	4	4	4	4	4
4	4	4	4	4	4	4	4	4	4
4	4	4	4	4	4	4	4	4	4
4	4	4	4	4	4	4	4	4	4
4	4	4	4	4	4	4	4	4	4
4	4	4	4	4	4	4	4	4	4
4	4	4	4	4	4	4	4	4	4
4	4	4	4	4	4	4	4	4	4
4	4	4	4	4	4	4	4	4	4
4	4	4	4	4	4	4	4	4	4
4	4	4	4	4	4	4	4	4	4
4	4	4	4	4	4	4	4	4	4
4	4	4	4	4	4	4	4	4	4
4	4	4	4	4	4	4	4	4	4
4	4	4	4	4	4	4	4	4	4
4	4	4	4	4	4	4	4	4	4
4	4	4	4	4	4	4	4	4	4
4	4	4	4	4	4	4	4	4	4
4	4	4	4	4	4	4	4	4	4
4	4	4	4	4	4	4	4	4	4
4	4	4	4	4	4	4	4	4	4
4	4	4	4	4	4	4	4	4	4
4	4	4	4	4	4	4	4	4	4
4	4	4	4	4	4	4	4	4	4
4	4	4	4	4	4	4	4	4	4
4	4	4	4	4	4	4	4	4	4
4	4	4	4	4	4	4	4	4	4
4	4	4	4	4	4	4	4	4	4
4	4	4	4	4	4	4	4	4	4
4	4	4	4	4	4	4	4	4	4
4	4	4	4	4	4	4	4	4	4
4	4	4	4	4	4	4	4	4	4
4	4	4	4	4	4	4	4	4	4
4	4	4	4	4	4	4	4	4	4
4	4	4	4	4	4	4	4	4	4
4	4	4	4	4	4	4	4	4	4
4	4	4	4	4	4	4	4	4	4
4	4	4	4	4	4	4	4	4	4
4	4	4	4	4	4	4	4	4	4
4	4	4	4	4	4	4	4	4	4
4	4	4	4	4	4	4	4	4	4
4	4	4	4	4	4	4	4	4	4
4	4	4	4	4	4	4	4	4	4
4	4	4	4	4	4	4	4	4	4
4	4	4	4	4	4	4	4	4	4
4	4	4	4	4	4	4	4	4	4
4	4	4	4	4	4	4	4	4	4
4	4	4	4	4	4	4	4	4	4
4	4	4	4	4	4	4	4	4	4
4	4	4	4	4	4	4	4	4	4
4	4	4	4	4	4	4	4	4	4
4	4	4	4	4	4	4	4	4	4
4	4	4	4	4	4	4	4	4	4
4	4	4	4	4	4	4	4	4	4
4	4	4	4	4	4	4	4	4	4
4	4	4	4	4	4	4	4	4	4
4	4	4	4	4	4	4	4	4	4
4	4	4	4	4	4	4	4	4	4
4	4	4	4	4	4	4	4	4	4
4	4	4	4	4	4	4	4	4	4
4	4	4	4	4	4	4	4	4	4
4	4	4	4	4	4	4	4	4	4
4	4	4	4	4	4	4	4	4	4
4	4	4	4	4	4	4	4	4	4
4	4	4	4	4	4	4	4	4	4
4	4	4	4	4	4	4	4	4	4
4	4	4	4	4	4	4	4	4	4
4	4	4	4	4	4	4	4	4	4
4	4	4	4	4	4	4	4	4	4
4	4	4	4	4	4	4	4	4	4
4	4	4	4	4	4	4	4	4	4
4	4	4	4	4	4	4	4	4	4
4	4	4	4	4	4	4	4	4	4
4	4	4	4	4	4	4	4	4	4
4	4	4	4	4	4	4	4	4	4
4	4	4	4	4	4	4	4	4	4
4	4	4	4	4	4	4	4	4	4
4	4	4	4	4	4	4	4	4	4
4	4	4	4	4	4	4	4	4	4
4	4	4	4	4	4	4	4	4	4
4	4	4	4	4	4	4	4	4	4
4	4	4	4	4	4	4	4	4	4
4	4	4	4	4	4	4	4	4	4
4	4	4	4	4	4	4	4	4	4
4	4	4	4	4	4	4	4	4	4
4	4	4	4	4	4	4	4	4	4
4	4	4	4	4	4	4	4	4	4
4	4	4	4	4	4	4	4	4	4
4	4	4	4	4	4	4	4	4	4
4	4	4	4	4	4	4	4	4	4
4	4	4	4	4	4	4	4	4	4
4	4	4	4	4	4	4	4	4	4
4	4	4	4	4	4	4	4	4	4
4	4	4	4	4	4	4	4	4	4
4	4	4	4	4	4	4	4	4	4
4	4	4	4	4	4	4	4	4	4
4	4	4	4	4	4	4	4	4	4
4	4	4	4	4	4	4	4	4	4
4	4	4	4	4	4	4	4	4	4
4	4	4	4	4	4	4	4	4	4
4	4	4	4	4	4	4	4	4	4
4	4	4	4	4	4	4	4	4	4
4	4	4	4	4	4	4	4	4	4
4	4	4	4	4	4	4	4	4	4
4	4	4	4	4	4	4	4	4	4
4	4	4	4	4	4	4	4	4	4
4	4	4	4	4	4	4	4	4	4
4	4	4	4	4	4	4	4	4	4
4	4	4	4	4	4	4	4	4	4
4	4	4	4	4	4	4	4	4	4
4	4	4	4	4	4	4	4	4	4
4	4	4	4	4	4	4	4	4	4
4	4	4	4	4	4	4	4	4	4
4	4	4	4	4	4	4	4	4	4
4	4	4	4	4	4	4	4	4	4
4	4	4	4	4	4	4	4	4	4
4	4	4	4	4	4	4	4	4	4
4	4	4	4	4	4	4	4	4	4
4	4	4	4	4	4	4	4	4	4
4	4	4	4	4	4	4	4	4	4
4	4	4	4	4	4	4	4	4	4
4	4	4	4	4	4	4	4	4	4
4	4	4	4	4	4	4	4	4	4
4	4	4	4	4	4	4	4	4	4
4	4	4	4	4	4	4	4	4	4
4	4	4	4	4	4	4	4	4	4
4	4	4	4	4	4	4	4	4	4
4	4	4	4	4	4	4	4	4	4
4	4	4	4	4	4	4	4	4	4
4	4	4	4	4	4	4	4	4	4
4	4	4	4	4	4	4	4	4	4
4	4	4	4	4	4	4	4	4	4
4	4	4	4	4	4	4	4	4	4
4	4	4	4	4	4	4	4	4	4
4	4	4	4	4	4	4	4	4	4
4	4	4	4	4	4	4	4	4	4
4	4	4	4	4	4	4	4	4	4
4	4	4	4	4	4	4	4	4	4
4	4	4	4	4	4	4	4	4	4
4	4	4	4	4	4	4	4	4	4
4	4	4	4	4	4	4	4	4	4
4	4	4	4	4	4	4	4	4	4
4	4	4	4	4	4	4	4	4	4
4	4	4	4	4	4	4	4	4	4
4	4	4	4	4	4	4	4	4	4
4	4	4	4	4	4	4	4	4	4
4	4	4	4	4	4	4	4	4	4
4	4	4	4	4	4	4	4	4	4
4	4	4	4	4	4	4	4	4	4
4	4	4	4	4	4	4	4	4	4
4	4	4	4	4	4	4	4	4	4
4	4	4	4	4	4	4	4	4	4
4	4	4	4	4	4	4	4	4	4
4	4	4	4	4	4	4	4	4	4
4	4	4	4	4	4	4	4	4	4
4	4	4	4	4	4	4	4	4	4
4	4	4	4	4	4	4	4	4	4
4	4	4	4	4	4	4	4	4	4
4	4	4	4	4	4	4	4	4	4
4	4	4	4	4	4	4	4	4	4
4	4	4	4	4	4	4	4	4	4
4	4	4	4	4	4	4	4	4	4
4	4	4	4	4	4	4	4	4	4
4	4	4	4	4	4	4	4	4	4
4	4	4	4	4	4	4	4	4	4
4	4	4	4	4	4	4	4	4	4
4	4	4	4	4	4	4	4	4	4
4	4	4	4	4	4	4	4	4	4
4	4	4	4	4	4	4	4	4	4
4	4	4	4	4	4	4	4	4	4
4	4	4	4	4	4	4	4	4	4
4	4	4	4	4	4	4	4	4	4
4	4	4	4	4	4	4	4	4	4
4	4	4	4	4	4	4	4	4	4
4	4	4	4	4	4	4	4	4	4
4	4	4	4	4	4	4	4	4	4
4	4	4	4	4	4	4	4	4	4
4	4	4	4	4	4	4	4	4	4
4	4	4	4	4	4	4	4	4	4
4	4	4	4	4	4	4	4	4	4
4	4	4	4	4	4	4	4	4	4
4	4	4	4	4	4	4	4	4	4
4	4	4	4	4	4	4	4	4	4
4	4	4	4	4	4	4	4	4	4
4	4	4	4	4	4	4	4	4	4
4	4	4	4	4	4	4	4	4	4
